1 20833.333300 17100.000000
2 20900.000000 17066.666700
3 21300.000000 13016.666700
4 21600.000000 14150.000000
5 21600.000000 14966.666700
6 21600.000000 16500.000000
7 22183.333300 13133.333300
8 22583.333300 14300.000000
9 22683.333300 12716.666700
10 23616.666700 15866.666700
11 23700.000000 15933.333300
12 23883.333300 14533.333300
13 24166.666700 13250.000000
14 25149.166700 12365.833300
15 26133.333300 14500.000000
16 26150.000000 10550.000000
17 26283.333300 12766.666700
18 26433.333300 13433.333300
19 26550.000000 13850.000000
20 26733.333300 11683.333300
21 27026.111100 13051.944400
22 27096.111100 13415.833300
23 27153.611100 13203.333300
24 27166.666700 9833.333300
25 27233.333300 10450.000000
26 27233.333300 11783.333300
27 27266.666700 10383.333300
28 27433.333300 12400.000000
29 27462.500000 12992.222200
